
system init success.


CMD_BACK()
-0.029297
BACK done.
;

CMD_Reset_System()
Reset system done.
;

Set_Displace(0X0)
displace is -0.452270.
displace is not right.
;

Assign_PID(0X0,0X64,0X0,0X0)
LVDT displace_PID assign success.
;

Print_PID()
***************************************************
LVDT
displace pid:
p          i          d
100.000000,    0.000000,     0.000000
rate pid:
p          i          d
100.000000,    0.000000,     0.000000
***************************************************
;

CMD_Action()
OUT done.

*****************************************
realExecPrd is 109, 4949, 9927.
execTime is 113, 57, 37.
*****************************************
curve_sp is
0.000000,  0.000000,  0.000000,  0.000000,  0.000000,  0.000000,  0.000000,  0.000000,  0.000000,  0.000000,  30.000000,  30.000000,  30.000000,  30.000000,  30.000000,  30.000000,  30.000000,  30.000000,  30.000000,  30.000000,  30.000000,  30.000000,  30.000000,  30.000000,  30.000000,  30.000000,  30.000000,  30.000000,  30.000000,  30.000000,  30.000000,  30.000000,  30.000000,  30.000000,  30.000000,  30.000000,  30.000000,  30.000000,  30.000000,  30.000000,  30.000000,  30.000000,  30.000000,  30.000000,  30.000000,  30.000000,  30.000000,  30.000000,  30.000000,  30.000000,  30.000000,  30.000000,  30.000000,  30.000000,  30.000000,  30.000000,  30.000000,  30.000000,  30.000000,  30.000000,  30.000000,  30.000000,  30.000000,  30.000000,  30.000000,  30.000000,  30.000000,  30.000000,  30.000000,  30.000000,  30.000000,  30.000000,  30.000000,  30.000000,  30.000000,  30.000000,  30.000000,  30.000000,  30.000000,  30.000000,  30.000000,  30.000000,  30.000000,  30.000000,  30.000000,  30.000000,  30.000000,  30.000000,  30.000000,  30.000000,  30.000000,  30.000000,  30.000000,  30.000000,  30.000000,  30.000000,  30.000000,  30.000000,  30.000000,  30.000000,  30.000000,  30.000000,  30.000000,  30.000000,  30.000000,  30.000000,  30.000000,  30.000000,  30.000000,  30.000000,  30.000000,  30.000000,  30.000000,  30.000000,  30.000000,  30.000000,  30.000000,  30.000000,  30.000000,  30.000000,  30.000000,  30.000000,  30.000000,  30.000000,  30.000000,  30.000000,  30.000000,  30.000000,  30.000000,  30.000000,  30.000000,  30.000000,  30.000000,  30.000000,  30.000000,  30.000000,  30.000000,  30.000000,  30.000000,  30.000000,  30.000000,  30.000000,  30.000000,  30.000000,  30.000000,  30.000000,  30.000000,  30.000000,  30.000000,  30.000000,  30.000000,  30.000000,  30.000000,  30.000000,  30.000000,  30.000000,  30.000000,  30.000000,  30.000000,  30.000000,  30.000000,  30.000000,  30.000000,  30.000000,  30.000000,  30.000000,  30.000000,  30.000000,  30.000000,  30.000000,  30.000000,  30.000000,  30.000000,  30.000000,  30.000000,  30.000000,  30.000000,  30.000000,  30.000000,  30.000000,  30.000000,  30.000000,  30.000000,  30.000000,  30.000000,  30.000000,  30.000000,  30.000000,  30.000000,  30.000000,  30.000000,  30.000000,  30.000000,  30.000000,  30.000000,  30.000000,  30.000000,  30.000000,  30.000000,  30.000000,  30.000000,  
Displace is
-0.443115,  -0.650024,  -0.040283,  -0.628052,  -0.036621,  -0.633545,  -0.031128,  -0.631714,  -0.038452,  -0.633545,  -0.032959,  -0.631714,  -0.032959,  -0.639038,  -0.038452,  -0.622559,  -0.031128,  -0.620727,  -0.029297,  -0.635376,  -0.045776,  -0.628052,  -0.038452,  -0.615235,  -0.047607,  -0.626221,  -0.036621,  -0.628052,  -0.045776,  -0.618896,  -0.043945,  -0.629883,  -0.054932,  -0.629883,  -0.042114,  -0.611572,  -0.051270,  -0.637207,  -0.056762,  -0.618896,  -0.038452,  -0.617065,  -0.042114,  -0.606079,  -0.056762,  -0.620727,  -0.042114,  -0.617065,  -0.049438,  -0.620727,  -0.056762,  -0.613403,  -0.036621,  -0.607910,  -0.042114,  -0.615235,  -0.054932,  -0.606079,  -0.042114,  -0.606079,  -0.045776,  -0.598755,  -0.058594,  -0.615235,  -0.073242,  -0.611572,  -0.049438,  -0.617065,  -0.069580,  -0.615235,  -0.069580,  -0.598755,  -0.060425,  -0.618896,  -0.069580,  -0.606079,  -0.084229,  -0.606079,  -0.067749,  -0.624390,  -0.084229,  -0.606079,  -0.054932,  -0.595093,  -0.062256,  -0.578613,  -0.078735,  -0.607910,  -0.082398,  -0.591430,  -0.065918,  -0.598755,  -0.078735,  -0.609741,  -0.095215,  -0.585938,  -0.064087,  -0.606079,  -0.067749,  -0.593262,  -0.097046,  -0.591430,  -0.069580,  -0.582275,  -0.080567,  -0.609741,  -0.054932,  -0.573120,  -0.071411,  -0.602417,  -0.086059,  -0.591430,  -0.056762,  -0.582275,  -0.091553,  -0.574951,  -0.102539,  -0.584107,  -0.084229,  -0.569458,  -0.076904,  -0.562134,  -0.098877,  -0.593262,  -0.073242,  -0.574951,  -0.087890,  -0.558472,  -0.097046,  -0.587769,  -0.080567,  -0.582275,  -0.100708,  -0.558472,  -0.102539,  -0.580444,  -0.086059,  -0.569458,  -0.091553,  -0.545654,  -0.102539,  -0.565796,  -0.089722,  -0.567627,  -0.091553,  -0.552978,  -0.102539,  -0.569458,  -0.086059,  -0.551147,  -0.097046,  -0.580444,  -0.111695,  -0.562134,  -0.089722,  -0.554810,  -0.093384,  -0.576782,  -0.122681,  -0.558472,  -0.093384,  -0.556641,  -0.113525,  -0.569458,  -0.124512,  -0.560302,  -0.102539,  -0.556641,  -0.108032,  -0.562134,  -0.119019,  -0.554810,  -0.111695,  -0.545654,  -0.108032,  -0.562134,  -0.124512,  -0.551147,  -0.100708,  -0.532837,  -0.128174,  -0.569458,  -0.131836,  -0.543823,  -0.113525,  -0.529175,  -0.122681,  -0.518189,  -0.142822,  -0.549316,  -0.148315,  -0.527344,  -0.119019,  -0.554810,  -0.139160,  -0.541992,  -0.120850,  -0.523682,  -0.126343,  -0.512695,  -0.140991,  
Displace2 is
-0.040284,  -0.027466,  -0.020142,  -0.018311,  -0.027466,  -0.021973,  -0.025635,  -0.021973,  -0.020142,  -0.027466,  -0.029297,  -0.023804,  -0.020142,  -0.025635,  -0.021973,  -0.023804,  -0.023804,  -0.023804,  -0.021973,  -0.021973,  -0.023804,  -0.023804,  -0.025635,  -0.021973,  -0.034790,  -0.021973,  -0.025635,  -0.027466,  -0.032960,  -0.021973,  -0.027466,  -0.021973,  -0.029297,  -0.023804,  -0.025635,  -0.023804,  -0.025635,  -0.025635,  -0.025635,  -0.018311,  -0.025635,  -0.025635,  -0.021973,  -0.032960,  -0.027466,  -0.025635,  -0.027466,  -0.025635,  -0.027466,  -0.016480,  -0.020142,  -0.025635,  -0.021973,  -0.023804,  -0.021973,  -0.018311,  -0.031129,  -0.021973,  -0.021973,  -0.020142,  -0.021973,  -0.027466,  -0.025635,  -0.025635,  -0.027466,  -0.029297,  -0.025635,  -0.023804,  -0.023804,  -0.027466,  -0.018311,  -0.021973,  -0.027466,  -0.021973,  -0.021973,  -0.023804,  -0.023804,  -0.025635,  -0.025635,  -0.027466,  -0.020142,  -0.021973,  -0.023804,  -0.023804,  -0.023804,  -0.025635,  -0.034790,  -0.023804,  -0.027466,  -0.020142,  -0.020142,  -0.021973,  -0.025635,  -0.027466,  -0.023804,  -0.021973,  -0.023804,  -0.023804,  -0.021973,  -0.025635,  -0.025635,  -0.025635,  -0.027466,  -0.021973,  -0.025635,  -0.025635,  -0.018311,  -0.018311,  -0.023804,  -0.025635,  -0.029297,  -0.031129,  -0.020142,  -0.031129,  -0.027466,  -0.025635,  -0.023804,  -0.023804,  -0.029297,  -0.023804,  -0.021973,  -0.025635,  -0.027466,  -0.025635,  -0.025635,  -0.031129,  -0.027466,  -0.023804,  -0.023804,  -0.021973,  -0.023804,  -0.029297,  -0.023804,  -0.021973,  -0.020142,  -0.021973,  -0.023804,  -0.021973,  -0.023804,  -0.025635,  -0.016480,  -0.027466,  -0.021973,  -0.023804,  -0.025635,  -0.023804,  -0.020142,  -0.027466,  -0.023804,  -0.023804,  -0.021973,  -0.025635,  -0.023804,  -0.023804,  -0.023804,  -0.025635,  -0.023804,  -0.021973,  -0.023804,  -0.021973,  -0.027466,  -0.031129,  -0.027466,  -0.027466,  -0.021973,  -0.023804,  -0.029297,  -0.021973,  -0.020142,  -0.031129,  -0.023804,  -0.021973,  -0.025635,  -0.027466,  -0.023804,  -0.029297,  -0.023804,  -0.021973,  -0.023804,  -0.027466,  -0.025635,  -0.025635,  -0.021973,  -0.021973,  -0.029297,  -0.023804,  -0.025635,  -0.025635,  -0.023804,  -0.023804,  -0.029297,  -0.027466,  -0.021973,  -0.029297,  -0.023804,  -0.027466,  -0.025635,  -0.025635,  -0.025635,  -0.023804,  -0.020142,  
*****************************************
OUT_PID is
nan,  nan,  nan,  nan,  nan,  nan,  nan,  nan,  nan,  nan,  nan,  nan,  nan,  nan,  nan,  nan,  nan,  nan,  nan,  nan,  nan,  nan,  nan,  nan,  nan,  nan,  nan,  nan,  nan,  nan,  nan,  nan,  nan,  nan,  nan,  nan,  nan,  nan,  nan,  nan,  nan,  nan,  nan,  nan,  nan,  nan,  nan,  nan,  nan,  nan,  nan,  nan,  nan,  nan,  nan,  nan,  nan,  nan,  nan,  nan,  nan,  nan,  nan,  nan,  nan,  nan,  nan,  nan,  nan,  nan,  nan,  nan,  nan,  nan,  nan,  nan,  nan,  nan,  nan,  nan,  nan,  nan,  nan,  nan,  nan,  nan,  nan,  nan,  nan,  nan,  nan,  nan,  nan,  nan,  nan,  nan,  nan,  nan,  nan,  nan,  nan,  nan,  nan,  nan,  nan,  nan,  nan,  nan,  nan,  nan,  nan,  nan,  nan,  nan,  nan,  nan,  nan,  nan,  nan,  nan,  nan,  nan,  nan,  nan,  nan,  nan,  nan,  nan,  nan,  nan,  nan,  nan,  nan,  nan,  nan,  nan,  nan,  nan,  nan,  nan,  nan,  nan,  nan,  nan,  nan,  nan,  nan,  nan,  nan,  nanan,  nan,  nan,  nan,  nan,  nan,  nan,  nan,  nan,  
*********an,  nan,  nan,  nan,  nan,  nan,  nan,  nan,  nan,  nan,  nan,  nan,  nan,  nan,  nan,  nan,  nan,  nan,  nan,  nan,  nan,  nan,  nan,  nan,  nan,  nan,  nan,  nan,  nan,  nan,  nan,  nan,  nan,  nan,  nan,  nan,  nan,  nan,  nan,  nan,  nan,  
*****************************************
Pressure1 is
0.161000,  0.166078,  0.166078,  0.161000,  0.166078,  0.161000,  0.161000,  0.161000,  0.171155,  0.171155,  0.166078,  0.166078,  0.161000,  0.161000,  0.171155,  0.166078,  0.161000,  0.161000,  0.161000,  0.161000,  0.161000,  0.161000,  0.171155,  0.166078,  0.166078,  0.171155,  0.166078,  0.161000,  0.166078,  0.161000,  0.161000,  0.161000,  0.171155,  0.171155,  0.161000,  0.161000,  0.168,  0.176233,  0.161000,  0.161000,  0.166078,  0.166078,  0.166176233,  0.181310,  0.161000,  0.171155,  0.166078,  0.161000,  0.161000,  0.161000,  0.166078,  0.181310,  0.161000,  0.171155,.171155,  0.161000,  0.166078,  0.161000,  0.161000,  0.176233,  0.166078,  0.161000,  0.166078,  0.166078,  0.166078,  0.161000078,  0.166078,  0.161000,  0.166078,  0.166078,  0.161000,  0.161000,  0.176233,  0.166078,  0.171155,  0.161000,  0.161000,  01000,  0.161000,  0.166078,  0.161000,  0.161000,  0.161000,  0.161000,  0.161000,  0.161000,  0.166078,  0.161000,  0.166078,  ,  0.161000,  0.161000,  0.161000,  0.161000,  0.161000,  0.176233,  0.166078,  0.171155,  0.161000,  0.171155,  0.166078,  0.160,  0.166078,  0.166078,  0.161000,  0.166078,  0.166078,  0.161000,  0.166078,  0.166078,  0.166078,  0.161000,  0.176233,  0.10.166078,  0.166078,  0.176233,  0.161000,  0.161000,  0.161000,.161000,  0.161000,  0.161000,  0.166078,  0.161000,  0.166078,  0.166078,  0.161000,  0.161000,  0.161000,  0.166078,  0.166078,  0.161000,  0.176233,  0.161000,  0.161000,  0.166078,  0.166066078,  0.161000,  0.161000,  0.161000,  0.166078,  0.161000,  01000,  0.166078,  0.161000,  0.166078,  0.176233,  0.161000,  0.161000,  0.161000,  0.171155,  0.176233,  0.161000,  0.161000,  0.161000,  0.161000,  0.161000,  0.166078,  0.171155,  0.171155,  0.161000,  0.171155,  0.161000,  0.166078,  0.166078,  0.171155,  0.166078,  0.161000,  0.161000,  0.171155,  0.166078,  0.161000,  0.171155,  0.166078,  0.166078,  0.161000,  0.161000,  0.161000,  0.166078,  
Pressure2 is
0.206698, 0.211776, 0.206698, 0.196543, 0.201621, 0.206698, 0.206698, 0.191466, 0.221931, 0.196543, 0.206698, 0.216854, 0.216854, 0.221931, 0.216854, 0.206698, 0.216854, 0.206698, 0.206698, 0.206698, 0.206698, 0.201621, 08, 0.206698, 0.201621, 0.201621, 0.221931, 0.206698, 0.227009, 0621, 0.206698, 0.196543, 0.191466, 0.216854, 0.211776, 0.186388, 0.201621, 0.211776, 0.196543, 0.211776, 0.211776, 0.216854, 0.2 0.216854, 0.206698, 0.196543, 0.201621, 0.227009, 0.211776, 0.201621, 0.206698, 0.206698, 0.206698, 0.211776, 0.211776, 0.19146.211776, 0.196543, 0.201621, 0.191466, 0.216854, 0.196543, 0.201621, 0.201621, 0.201621, 0.206698, 0.206698, 0.206698, 0.211776,698, 0.201621, 0.206698, 0.216854, 0.196543, 0.201621, 0.216854, 0.196543, 0.227009, 0.206698, 0.216854, 0.216854, 0.196543, 0.26, 0.206698, 0.221931, 0.216854, 0.191466, 0.206698, 0.201621, 0.201621, 0.211776, 0.211776, 0.191466, 0.206698, 0.227009, 0.206.196543, 0.211776, 0.206698, 0.211776, 0.201621, 0.221931, 0.211776, 0.211776, 0.211776, 0.181310, 0.216854, 0.206698, 0.211776,06698, 0.211776, 0.216854, 0.211776, 0.216854, 0.206698, 0.2016211776, 0.221931, 0.221931, 0.191466, 0.206698, 0.206698, 0.201621, 0.211776, 0.227009, 0.211776, 0.191466, 0.211776, 0.216854, 0.211776, 0.216854, 0.227009, 0.201621, 0.201621, 0.201621, 0.196 0.201621, 0.186388, 0.206698, 0.211776, 0.181310, 0.206698, 0.2 0.211776, 0.216854, 0.216854, 0.186388, 0.206698, 0.211776, 0.191466, 0.206698, 0.201621, 0.221931, 0.211776, 0.211776, 0.211776, 0.196543, 0.216854, 0.206698, 0.221931, 0.221931, 0.232086, 0543, 0.216854, 0.201621, 0.216854, 0.216854, 0.201621, 0.201621, 0.211776, 0.216854, 0.216854, 0.186388, 0.206698, 0.211776, 0.191466, 0.206698, 0.201621, 0.221931, 0.211776, 0.211776, 0.211776, 0.196543, 0.216854, 0.206698, 0.221931, 0.221931, 0.232086, 0.196543, 0.206698, 0.196543, 0.211776, 0.206698, 0.206698, 0.216854, 0.211776, 0.196543, 0.211776, 0.196543, 0.196543, 0.196543, 0.206698, 0.216854, 0.201621, 0.211776, 0.191466, 0.221931, 
*****************************************

*****************************************
measure T is 25910 us.
measure point number is 77.
The distance is
472, 462, 458, 456, 449, 465, 455, 479, 473, 469, 449, 463, 478, 460, 471, 461, 470, 476, 464, 466, 463, 455, 458, 483, 464, 480, 479, 472, 467, 469, 450, 474, 468, 470, 459, 489, 454, 466, 464, 454, 455, 463, 480, 451, 448, 452, 473, 473, 460, 456, 470, 457, 456, 460, 461, 467, 460, 467, 461, 451, 449, 461, 476, 465, 462, 467, 472, 458, 471, 473, 452, 465, 478, 466, 457, 462, 470, 
*****************************************
;

Print_LVDTDisplaceAndRate()
Displace:1--0.298462, 2--0.040284
;

Print_Pressure()
Pressure: 1-0.161000, 2-0.206698
;

Start_MeasureDistance();

Stop_MeasureDistance();

Print_MeasureDistance()
*****************************************
measure T is 26079 us.
measure point number is 83.
The distance is
463, 454, 464, 445, 461, 448, 448, 451, 451, 463, 453, 454, 468, 454, 459, 446, 455, 448, 452, 459, 449, 455, 447, 456, 458, 445, 456, 436, 451, 456, 464, 460, 455, 453, 457, 452, 453, 449, 462, 452, 442, 457, 465, 444, 442, 442, 443, 432, 447, 466, 446, 458, 460, 456, 464, 451, 453, 448, 448, 451, 448, 448, 459, 465, 467, 438, 455, 438, 448, 437, 462, 458, 466, 459, 445, 461, 455, 441, 449, 436, 456, 471, 455, 
*****************************************
;

Reset_MeasureDistance();

Servo_Lock();

Servo_Unlock();

Relay1_Actuate();

Relay1_Release();

Relay2_Actuate();

Relay2_Release();
